120.39639
12714.324
125.523544
92.42927
48.20706
234.59
123.96958
85.73009
75.0118
84.37676
39.167656
186.90755
30.32713
77.33118
91.15813
95.32231
66.59819
26.26434
157.69644
20.370378
73.93106
87.60643
99.745476
83.401825
78.39912
68.05936
43.241707
40.103424
33.55925
26.242756
26.238808
27.141405
23.980078
48.220222
32.919933
41.58723
39.951267
42.9854
47.344875
38.32849
20.22497
23.422373
59.225174
29.548138
39.125378
33.142624
37.14408
23.369707
28.15767
49.067974
34.76386
29.633636
31.059214
29.813398
23.15769
18.914423
32.89147
20.046228
21.338953
12.482975
30.419285
15.518536
34.623497
57.653965
32.337605
32.74736
44.048115
34.84542
46.65063
30.790253
45.587852
25.147856
39.58732
37.193954
36.04001
17.21892
22.819866
23.610413
31.914593
26.7722
26.86366
27.867199
22.841808
45.97696
31.882912
47.547165
28.762222
38.84047
24.581512
46.10811
29.409975
23.427229
40.162945
40.422134
17.163515
21.154982
36.716595
30.830427
32.95957
18.581467
22.320066
26.129314
21.88875
23.833174
22.20767
24.336851
23.758718
43.492954
32.110905
26.312181
40.52553
44.554317
33.400253
38.02177
34.0669
28.887102
56.998543
50.36236
22.370684
15.761691
29.656744
12.267105
28.520405
21.947495
13.759609
25.994572
23.610388
28.579798
21.601826
23.781858
21.81915
10.324541
23.231588
17.31283
18.991594
22.835442
14.529036
24.211578
27.342106
17.937414
41.70164
25.34938
24.355974
34.829563
24.862078
27.42891
29.097557
17.519892
29.299187
22.150633
32.173153
29.410645
22.158707
24.97836
24.68406
26.693102
24.169558
18.948803
27.497284
21.480726
18.77993
19.340124
29.931166
25.15055
17.838968
22.39453
21.721252
29.632584
15.988706
31.063251
26.35363
14.2781925
24.706703
23.217743
30.321878
20.91126
20.159216
19.288258
22.011484
27.495789
13.981035
12.795137
29.923468
17.52498
21.950706
15.770782
30.598122
17.70794
32.530952
16.34293
20.707136
19.320436
16.335365
14.941501
14.592504
24.989815
16.666243
36.62396
21.379904
47.49865
46.913303
15.581568
26.520834
18.662481
24.056362
10.633824
21.748888
11.869346
18.788446
10.056867
15.892028
15.826845
16.517368
13.411248
18.52522
13.05486
17.408775
21.700739
22.18228
13.898547
14.951648
14.848473
14.524835
15.885534
18.959183
15.442816
26.634148
21.53481
10.642386
12.576229
19.508677
15.754869
18.661484
10.674434
10.262371
18.439196
12.524578
10.819297
10.579267
23.33745
15.135078
12.416151
20.426884
24.1663
17.648626
10.984973
12.452437
18.299192
13.230721
11.610654
22.161589
11.879372
16.240356
23.424133
16.5017
17.134254
19.514874
12.102773
23.988363
29.535603
16.692461
16.832146
18.329578
26.758675
14.329048
29.47677
18.687479
10.241876
27.387146
7.9950266
18.528812
17.30857
19.492113
15.488387
18.033062
20.07871
17.240616
15.868217
20.850767
21.33717
44.607666
24.156836
21.992004
21.93429
19.95666
22.339108
19.163387
18.073029
17.394997
15.44596
10.652468
19.628273
29.56237
16.705553
18.007372
32.569942
23.457823
16.778938
14.260044
31.314203
26.73472
14.211992
19.12812
16.000303
21.110157
18.174856
26.079325
26.513256
45.853275
49.068775
32.77592
15.312645
24.282297
29.38213
10.150209
23.869303
16.826534
15.159988
22.670147
16.962997
15.991797
33.37643
32.30419
13.266779
18.929098
18.332602
10.164374
15.1039505
12.956308
12.211943
11.151581
18.594711
16.558802
30.177135
24.711365
49.668163
63.4911
31.566889
26.50526
21.557224
43.576473
42.542713
30.367126
25.999294
33.50485
37.64432
20.399303
40.68694
42.539074
32.25262
18.266289
42.256947
41.778416
43.731884
23.978653
29.073967
52.428284
50.67846
46.34242
17.609222
13.443424
22.785812
32.420135
18.387749
23.29267
18.484444
14.975755
13.777006
17.70658
21.59205
29.730541
29.27409
12.833229
16.686213
34.455864
28.783728
7.0277057
15.563716
23.555466
17.143724
23.083267
23.352274
10.907751
22.010788
27.71541
23.997007
10.524278
23.562662
21.677526
17.829475
12.767364
11.337661
7.9528613
15.325542
16.872513
15.970327
10.745161
21.250315
17.527674
16.258747
20.329842
18.336271
13.531237
13.223987
20.240683
19.255432
17.955568
8.280338
40.24984
31.652334
25.616562
11.364314
20.207619
32.58596
24.442984
21.415365
38.900326
42.254356
61.932587
33.844448
19.93686
23.521793
53.8312
40.808453
28.78998
14.949738
31.144358
29.123466
42.74665
36.84789
45.731766
44.229683
65.739586
25.922602
54.62022
40.830864
36.66144
24.448692
38.81007
32.471775
13.023659
31.551239
30.325977
24.121042
31.77275
17.56522
19.548235
13.844576
20.277111
21.239609
20.620153
5.8651557
12.679828
17.35562
18.087402
18.885601
14.172362
11.641969
25.457232
13.963116
21.225164
19.002932
19.53275
10.237732
16.8349
13.208281
29.835608
21.305243
16.626291
18.417027
11.794092
13.759244
18.886341
22.852167
16.620909
36.69009
23.316294
16.480524
11.436299
26.640724
12.830344
15.422729
26.42487
13.551133
18.250294
19.81238
25.350758
10.938889
16.259518
19.954649
13.381713
14.519798
18.614145
22.430126
21.426666
11.158931
23.071081
25.279297
31.322397
31.35852
38.034702
18.329058
38.512245
60.142456
56.66745
66.242874
32.905014
23.444878
13.142281
61.272293
39.345264
21.52568
30.287722
27.225317
31.195944
16.492182
19.089424
13.161458
19.58936
19.140919
18.060062
14.658001
14.127983
47.729057
8.746717
6.983207
10.002065
18.085707
18.763927
10.979466
24.70003
23.775232
11.078115
22.391624
21.334034
14.516542
15.93512
14.53663
16.641584
15.924343
18.256601
16.993647
20.960009
17.20377
10.808893
7.9385543
12.92181
14.710626
28.92704
25.699883
11.914982
18.418547
23.03933
24.176346
25.654018
22.120613
8.28154
11.924807
19.506355
11.639776
14.679946
11.813099
5.9514256
16.698013
10.880359
13.914961
16.670065
19.104284
15.457218
22.187408
15.454106
19.835848
18.438152
17.71567
8.494273
15.679814
12.134556
20.429474
18.587648
16.130892
12.126438
27.583456
21.893665
15.07778
11.736196
16.944887
25.027706
9.650801
22.429087
36.581837
23.656641
22.826069
16.417171
28.018744
30.52688
33.98985
26.854815
11.618082
7.7442093
10.037732
19.984026
15.177353
16.959524
11.92557
9.041321
15.7224245
20.294434
15.464684
13.078862
26.728262
28.86093
16.48121
11.893417
16.690483
24.490477
28.48077
25.38233
31.48534
34.278812
21.566673
29.750246
43.73223
64.218155
69.295044
21.423925
39.552437
20.369118
30.747913
67.4311
68.85589
37.098473
18.13711
23.370964
44.143238
31.53299
30.095638
42.114536
15.103772
53.898315
30.17449
53.84243
24.26666
19.776411
28.886938
11.209043
26.789001
44.76863
15.246465
23.701363
28.520645
26.097303
18.601068
12.321184
16.637135
18.39387
18.379
14.486792
17.001278
15.238871
17.325115
18.87452
12.607932
19.168903
20.114708
7.540852
18.261915
9.248674
11.017016
19.78641
22.035221
10.997489
19.880062
10.7631035
15.506898
19.424774
17.067059
16.68376
21.37453
8.0889225
12.465951
26.644577
17.156677
28.254967
17.022305
27.591167
24.640009
12.061076
15.080354
21.336065
17.523836
18.467607
15.434597
12.548846
15.83591
18.865417
9.840945
21.022823
23.013264
27.984247
22.142506
14.500901
15.510133
12.518329
14.0250225
11.661591
14.70144
13.659463
20.227734
10.893642
12.770091
19.881027
13.173644
15.55485
27.348024
25.917032
17.383661
9.85657
15.31593
20.63095
8.644265
11.250293
19.91822
19.281755
12.5197315
11.701094
18.815529
26.2428
14.940874
21.001196
13.697272
17.089745
17.240353
6.146837
13.616616
7.8628316
10.16377
14.7839
19.400717
18.616318
12.0590105
19.067646
16.077816
17.451937
10.484448
17.486073
10.987713
13.25762
17.794426
15.408073
14.979007
20.004204
16.292566
12.4157295
12.926003
16.86422
14.97867
9.990368
22.337502
16.893553
11.832039
7.9944644
8.773678
15.0375185
15.203972
19.30614
11.652011
11.064839
16.953585
15.613166
10.099832
15.921618
21.778412
19.611086
15.642484
16.730421
20.6676
19.199223
18.146618
13.162015
20.082203
33.359074
35.840786
21.545162
16.756443
14.335908
31.730284
28.97992
24.213581
25.294117
23.78153
22.91453
13.531107
29.249233
30.954157
16.572
15.618962
24.176168
32.13045
19.75494
19.910719
11.459412
20.387096
28.055466
13.734202
12.274888
19.748402
14.155627
19.68284
29.972605
16.145254
8.917752
20.261679
9.956031
10.762316
21.107029
11.589928
17.862917
20.072247
13.455357
16.8356
12.979172
12.859594
19.596685
16.95708
18.686523
22.450294
12.348232
16.212849
13.8071375
17.31225
14.05023
15.031049
18.324766
21.776968
12.707463
11.224906
19.84101
16.654022
26.118773
16.510307
18.63046
10.761458
13.491715
16.697414
11.599072
10.876274
21.26538
10.103483
12.316288
9.775733
11.898137
14.27464
13.43578
10.7562475
19.912428
7.842741
14.587078
5.261911
13.49163
10.758508
11.772061
16.240755
11.206134
18.777523
10.978092
13.68576
14.377036
14.652861
14.337181
13.61992
14.518204
17.840628
14.7486725
6.8203354
15.378443
24.939978
20.22809
9.128644
18.035711
18.35586
21.276768
24.185507
25.676537
27.553543
17.76371
21.41588
19.89357
19.716476
17.680105
18.775206
17.336702
10.521748
16.194506
16.488518
36.947258
43.3099
53.97011
74.25156
69.46331
54.34521
23.280281
34.090595
42.65961
54.851093
54.533306
52.553112
55.9646
34.313004
30.073618
24.665335
39.52108
29.987001
18.328592
20.140345
31.469246
22.81216
11.531453
16.839197
23.642492
16.6196
14.832073
14.51173
13.413199
18.9929
19.10203
15.919866
15.942623
11.487355
17.841555
21.664228
13.655641
15.426432
17.536018
9.889332
9.213353
19.250154
5.640676
20.39001
12.200993
12.240023
9.843547
20.76428
12.79783
10.459009
51.510143
53.373466
14.510849
44.55106
43.728012
7.521668
38.667156
34.605186
26.912832
34.428116
20.698671
14.544303
15.238007
18.235342
14.299774
21.184849
12.168935
13.379041
17.177008
10.7192
17.29873
11.247561
9.90861
7.9186993
7.1847115
10.382999
20.391008
15.269649
14.027516
17.011702
21.675123
18.018845
14.803799
15.844246
13.487263
11.658353
11.764668
14.539472
9.419724
11.226862
11.498292
24.154423
17.679625
19.309418
8.917201
25.149717
21.022627
17.464722
15.418286
21.220146
21.854969
30.665949
23.038147
13.370797
17.920563
23.649628
10.191913
15.568066
22.146328
21.258062
15.24001
6.1457763
10.82751
22.188509
14.48189
12.065403
14.29586
21.129503
17.64226
7.794015
12.163697
14.333178
14.05058
18.713896
19.59803
24.768011
26.155422
27.543293
15.162492
7.6042566
15.252462
21.08089
17.186993
14.384381
19.04961
7.5717273
18.512503
21.549608
23.915491
16.36962
36.74112
30.651102
14.652171
25.477478
19.125076
32.223785
14.655044
11.51863
25.273453
11.676235
18.902729
10.521688
16.502905
22.609434
12.809453
12.354787
15.390073
14.858699
12.703693
10.778548
11.871124
12.095871
10.637186
15.878704
18.643534
8.74341
12.114236
32.092686
33.82526
39.07483
34.8636
39.27786
32.88707
18.426517
38.745667
56.63069
61.498085
40.54491
50.47657
23.072693
47.15859
33.115
18.39668
22.580498
19.091969
13.023392
15.828276
17.851034
23.30128
12.082733
27.078691
29.420427
12.129848
29.597166
17.988546
17.701326
19.7431
23.778385
18.745909
15.310941
11.609761
28.419615
8.729383
15.411623
11.497493
15.214894
11.626466
10.119191
10.627494
21.683138
10.782851
13.611714
47.536842
45.579636
14.552931
40.550625
11.142439
20.284632
19.823055
13.050966
25.250565
19.770702
13.024633
17.603022
15.715213
7.0798473
14.550023
15.7218
27.066864
40.36459
44.089485
54.269333
13.543557
14.692596
14.32685
39.019516
18.210476
25.631449
23.49083
35.468277
